MF,2500,2502,2504,3500,2506,3202,2302,3404,3504,2306,3544,3204
MF,2510,3406,3506,3206,3508,3548,3408,3208
MF,2514,2516,3410,3210,3514,2314,2382,2520,3412,3516,3212,2522,3518
MF,3414,3214,3520,3416,2564,3216,3522,2320,3218,3418,2534,2536
MF,3524,3220,2538,3420,2540,3222,3526,3422,2542,3224,2544,2546
MF,3424,3530,3226,2548,2328,3532,2550,2330,2552,3426,3534
MF,2554,3428,2556,2346,2558,3538,3232
SA,3500,2504,3400,3502,2508,3402,3504,3206
SA,3506,3404,3208,2510,3406,3510,3210,3408,3512,3212
SA,3514,3214,3412,3516,3414,3218,3416,3520,3220,3418
SA,3522,3222,3420,3526,3422,3226,3528,3530,3424,3532
SU,2500,3500,3502,3400,2512,3202,3504,3506,3402,3204,3206,3508,3404,3510,3208
SU,3406,3512,3210,3514,3516,3212,2516,3518,3410,3520,3214,3522,3216,3524,32920