MF,3201,3503,3403,3547,3203
MF,3505,3405,2503,3205,3507,3407
MF,3207,2507,3409,2313,2509,2381,3209,2511
MF,3511,2315,2513,3411,2561,3513,3211
MF,3413,3213,3515,2319,3215,2525,3415,2527
MF,3517,2563,3217,3417,2531,3219,3521,3419
MF,2533,3221,3523,2535,3223,2537,3421
MF,2539,2327,3527,2329,2541,3423
MF,3529,3225,2543,2331,2545
MF,3535,3227,2547,3431,3537
MF,3229,2549,2703,2551,3539,2337,2553,3233
MF,3543,2339,2555,2559
SA,3501,2503,3503,3405
SA,3505,3407,2505,3209,3507,3411,3211,3509,3413,3213,3511,3415,3215
SA,3513,3417,3217,3515,3419,3219,3521,3221,3421,3525,3223,3423
SA,3527,3225,3425,3529,3229,2525,3427,3533,2311,3535
SU,3501,2501,3203,3503,3403,3505,3205,3507,3405,3509,3207,3511,3407,3513,3209
SU,3515,2505,3517,3211,3519,3411,3291,3213,3521,3413,3215,3523,3217,2507,35250